364
365
366
368
370
371
373
374
375
420
425
426
427
428
429
450
451
452
453
454
455
456
457
458
459
460
461
462
463
464
465
466
467
469
470
472
473
474
475
476
477
478
479
480
482
484
485
486
487
488
490
491
492
493
494
495
496
497
498
499
500
501
502
504
505
506
507
508
509
510
511
512
513
514
515
516
517
519
520
521
522
523
524
525
526
528
530
531
532
533
534
535
536
537
538
539
540
541
542
544
545
546
547
548
550
552
553
555
556
558
559
560
561
562
563
564
566
567
568
569
570
571
572
573
574
575
577
578
579
580
581
582
583
584
585
587
588
589
590
591
592
594
595
596
597
598
599
601
602
603
604
606
607
608
609
610
611
612
614
615
617
618
619
620
621
622
623
624
625
626
627
628
629
630
632
633
635
636
637
638
639
640
641
642
643
644
646
647
648
649
650
651
652
655
656
657
659
660
661
662
1000
1001
1002
1003
1005
1006
1008
100
1011
1013
1014
1015
1017
1018
1020
1022
1023
1024
1025
1026
1027
1028
1029
102
1030
1031
1032
1033
1034
1035
1036
1037
1038
1039
1040
1043
1044
1045
1046
1047
1048
1051
1052
1053
1054
1055
1056
1057
1058
1059
1060
1061
1063
1064
1065
1066
1067
1068
1069
1071
1073
1075
1076
1077
1078
1079
1080
1082
1084
1085
1086
1087
1088
1089
1090
1091
1092
1093
1094
1095
1096
1097
1098
1099
1101
1102
1103
1106
1107
1108
1109
1110
1111
1112
1113
1114
1115
1116
1117
1118
1119
1121
1122
1123
1124
1125
1126
1127
1128
1129
1130
1131
1132
1133
1134
1135
1136
1137
1138
1139
1141
1273
1314
1326
1327
1336
1389
1390
1391
1412
1430
1449
1450
1487
1488
1494
278
280
329
343
348
363
376
381
383
384
385
388
395
396
399
402
403
406
409
413
419
422
424
432
435
445
576
664
672
673
680
683
684
685
691
709
710
715
716
722
738
749
751
755
777
783
784
792
823
825
860
869
900
940
947
957
958
959
95
968
96
982
98
998
105
108
1143
1145
1150
1151
1153
1157
1158
115
1162
1163
1164
1165
1167
1168
1171
1175
1182
1186
1187
1189
1190
1191
1195
1196
1199
1200
1203
1204
1205
1207
1208
1210
1214
1216
1218
1221
1223
1224
1225
1228
1229
1234
1236
1237
1239
1240
1241
124
1260
1270
1271
1288
1289
1291
1294
1297
1300
1301
1309
1315
1318
131
1325
1328
1330
1340
1347
1366
1369
1370
1376
1378
1381
1384
1396
1401
1403
1406
1408
1415
1417
1426
1429
142
1433
1442
1443
1444
1453
1457
1459
1460
1462
1463
1468
1469
1470
1472
1474
1475
1478
1479
1480
1481
1485
149
153
157
159
161
164
165
178
179
181
193
197
208
209
211
213
214
215
218
221
224
227
233
235
239
240
246
247
253
255
271
273
274
282
289
291
301
313
314
328
397
408
42
61
687
68
703
707
724
72
732
747
748
754
760
761
762
769
772
773
774
796
800
801
806
816
820
830
837
83
840
841
842
849
850
853
855
857
862
868
877
880
890
898
902
906
907
90
912
915
921
922
927
930
936
93
946
949
950
951
956
961
963
964
967
978
981
985
990
99
1004
1019
1049
104
1062
1070
1083
109
1104
113
116
1272
1274
1276
1277
1278
1280
1281
1282
1285
1287
1292
1293
1295
1298
1299
1302
1303
1304
1305
1306
1310
1316
1317
1319
1322
1323
1324
1329
1332
1333
1334
1337
1339
1341
1413
1458
1461
1465
1467
1471
1473
1476
1477
1484
1486
1489
1491
1492
1493
324
32
35
37
390
398
400
404
40
411
41
421
436
439
441
45
48
49
50
51
52
54
55
56
57
58
60
62
63
65
66
69
71
73
74
75
763
77
80
811
815
81
82
85
86
87
89
92
94
97
